Casa
-7
0
-7
0
0
0
0.5
0.5
0.5
210
010
=
Casa
-5
0
-7
0
0
0
0.5
0.5
0.5
210
010
=
Casa
-3
0
-7
0
0
0
0.5
0.5
0.5
210
010
=
Casa
-1
0
-7
0
0
0
0.5
0.5
0.5
210
010
=
Casa
1
0
-7
0
0
0
0.5
0.5
0.5
210
010
=
Casa
3
0
-7
0
0
0
0.5
0.5
0.5
210
010
=
Casa
5
0
-7
0
0
0
0.5
0.5
0.5
210
010
=
Casa
7
0
-7
0
0
0
0.5
0.5
0.5
210
010
=
Casa
-7
0
7
0
-180
0
0.5
0.5
0.5
210
010
=
Casa
-5
0
7
0
-180
0
0.5
0.5
0.5
210
010
=
Casa
-3
0
7
0
-180
0
0.5
0.5
0.5
210
010
=
Casa
-1
0
7
0
-180
0
0.5
0.5
0.5
210
010
=
Casa
1
0
7
0
-180
0
0.5
0.5
0.5
210
010
=
Casa
3
0
7
0
-180
0
0.5
0.5
0.5
210
010
=
Casa
5
0
7
0
-180
0
0.5
0.5
0.5
210
010
=
Casa
7
0
7
0
-180
0
0.5
0.5
0.5
210
010
=
Piramide
-2.13
-0.855
0
0
0
0
0.485
0.815
0.5
210
010
=
Arvore
7
0
0
0
0
0
0.5
0.5
0.5
210
010
=
Arvore
7
1
0
0
0
0
0.5
0.5
0.5
210
010
=
Arvore
7
-1
0
0
0
0
0.5
0.5
0.5
210
010
=
Arvore
7
-1
0
0
0
0
0.5
0.5
0.5
210
010
=
Poste
-6
0
-7
0
0
0
0.5
0.5
0.5
0
210
010
=
Poste
-4
0
-7
0
0
0
0.5
0.5
0.5
0
210
010
=
Poste
-2
0
-7
0
0
0
0.5
0.5
0.5
0
210
010
=
Poste
0
0
-7
0
0
0
0.5
0.5
0.5
0
210
010
=
Poste
2
0
-7
0
0
0
0.5
0.5
0.5
0
210
010
=
Poste
4
0
-7
0
0
0
0.5
0.5
0.5
0
210
010
=
Poste
6
0
-7
0
0
0
0.5
0.5
0.5
0
210
010
=
Poste
-6
0
7
0
0
0
0.5
0.5
0.5
0
210
010
=
Poste
-4
0
7
0
0
0
0.5
0.5
0.5
0
210
010
=
Poste
-2
0
7
0
0
0
0.5
0.5
0.5
0
210
010
=
Poste
0
0
7
0
0
0
0.5
0.5
0.5
0
210
010
=
Poste
2
0
7
0
0
0
0.5
0.5
0.5
0
210
010
=
Poste
4
0
7
0
0
0
0.5
0.5
0.5
0
210
010
=
Poste
6
0
7
0
0
0
0.5
0.5
0.5
0
210
010
=
Bandeira
3
0
0
0
0
0
0.5
0.5
0.5
0
210
010
=
Bandeira
3
0
1
0
0
0
0.5
0.5
0.5
0
210
010
=
Bandeira
3
0
-1
0
0
0
0.5
0.5
0.5
0
210
010
=
